
C =

     2     3    10


x =

    -6    -4    -2     0     2     4     6


y =

    64    30    12    10    24    54   100


y =

  Columns 1 through 7

   64.0000   63.7902   63.5808   63.3718   63.1632   62.9550   62.7472

  Columns 8 through 14

   62.5398   62.3328   62.1262   61.9200   61.7142   61.5088   61.3038

  Columns 15 through 21

   61.0992   60.8950   60.6912   60.4878   60.2848   60.0822   59.8800

  Columns 22 through 28

   59.6782   59.4768   59.2758   59.0752   58.8750   58.6752   58.4758

  Columns 29 through 35

   58.2768   58.0782   57.8800   57.6822   57.4848   57.2878   57.0912

  Columns 36 through 42

   56.8950   56.6992   56.5038   56.3088   56.1142   55.9200   55.7262

  Columns 43 through 49

   55.5328   55.3398   55.1472   54.9550   54.7632   54.5718   54.3808

  Columns 50 through 56

   54.1902   54.0000   53.8102   53.6208   53.4318   53.2432   53.0550

  Columns 57 through 63

   52.8672   52.6798   52.4928   52.3062   52.1200   51.9342   51.7488

  Columns 64 through 70

   51.5638   51.3792   51.1950   51.0112   50.8278   50.6448   50.4622

  Columns 71 through 77

   50.2800   50.0982   49.9168   49.7358   49.5552   49.3750   49.1952

  Columns 78 through 84

   49.0158   48.8368   48.6582   48.4800   48.3022   48.1248   47.9478

  Columns 85 through 91

   47.7712   47.5950   47.4192   47.2438   47.0688   46.8942   46.7200

  Columns 92 through 98

   46.5462   46.3728   46.1998   46.0272   45.8550   45.6832   45.5118

  Columns 99 through 105

   45.3408   45.1702   45.0000   44.8302   44.6608   44.4918   44.3232

  Columns 106 through 112

   44.1550   43.9872   43.8198   43.6528   43.4862   43.3200   43.1542

  Columns 113 through 119

   42.9888   42.8238   42.6592   42.4950   42.3312   42.1678   42.0048

  Columns 120 through 126

   41.8422   41.6800   41.5182   41.3568   41.1958   41.0352   40.8750

  Columns 127 through 133

   40.7152   40.5558   40.3968   40.2382   40.0800   39.9222   39.7648

  Columns 134 through 140

   39.6078   39.4512   39.2950   39.1392   38.9838   38.8288   38.6742

  Columns 141 through 147

   38.5200   38.3662   38.2128   38.0598   37.9072   37.7550   37.6032

  Columns 148 through 154

   37.4518   37.3008   37.1502   37.0000   36.8502   36.7008   36.5518

  Columns 155 through 161

   36.4032   36.2550   36.1072   35.9598   35.8128   35.6662   35.5200

  Columns 162 through 168

   35.3742   35.2288   35.0838   34.9392   34.7950   34.6512   34.5078

  Columns 169 through 175

   34.3648   34.2222   34.0800   33.9382   33.7968   33.6558   33.5152

  Columns 176 through 182

   33.3750   33.2352   33.0958   32.9568   32.8182   32.6800   32.5422

  Columns 183 through 189

   32.4048   32.2678   32.1312   31.9950   31.8592   31.7238   31.5888

  Columns 190 through 196

   31.4542   31.3200   31.1862   31.0528   30.9198   30.7872   30.6550

  Columns 197 through 203

   30.5232   30.3918   30.2608   30.1302   30.0000   29.8702   29.7408

  Columns 204 through 210

   29.6118   29.4832   29.3550   29.2272   29.0998   28.9728   28.8462

  Columns 211 through 217

   28.7200   28.5942   28.4688   28.3438   28.2192   28.0950   27.9712

  Columns 218 through 224

   27.8478   27.7248   27.6022   27.4800   27.3582   27.2368   27.1158

  Columns 225 through 231

   26.9952   26.8750   26.7552   26.6358   26.5168   26.3982   26.2800

  Columns 232 through 238

   26.1622   26.0448   25.9278   25.8112   25.6950   25.5792   25.4638

  Columns 239 through 245

   25.3488   25.2342   25.1200   25.0062   24.8928   24.7798   24.6672

  Columns 246 through 252

   24.5550   24.4432   24.3318   24.2208   24.1102   24.0000   23.8902

  Columns 253 through 259

   23.7808   23.6718   23.5632   23.4550   23.3472   23.2398   23.1328

  Columns 260 through 266

   23.0262   22.9200   22.8142   22.7088   22.6038   22.4992   22.3950

  Columns 267 through 273

   22.2912   22.1878   22.0848   21.9822   21.8800   21.7782   21.6768

  Columns 274 through 280

   21.5758   21.4752   21.3750   21.2752   21.1758   21.0768   20.9782

  Columns 281 through 287

   20.8800   20.7822   20.6848   20.5878   20.4912   20.3950   20.2992

  Columns 288 through 294

   20.2038   20.1088   20.0142   19.9200   19.8262   19.7328   19.6398

  Columns 295 through 301

   19.5472   19.4550   19.3632   19.2718   19.1808   19.0902   19.0000

  Columns 302 through 308

   18.9102   18.8208   18.7318   18.6432   18.5550   18.4672   18.3798

  Columns 309 through 315

   18.2928   18.2062   18.1200   18.0342   17.9488   17.8638   17.7792

  Columns 316 through 322

   17.6950   17.6112   17.5278   17.4448   17.3622   17.2800   17.1982

  Columns 323 through 329

   17.1168   17.0358   16.9552   16.8750   16.7952   16.7158   16.6368

  Columns 330 through 336

   16.5582   16.4800   16.4022   16.3248   16.2478   16.1712   16.0950

  Columns 337 through 343

   16.0192   15.9438   15.8688   15.7942   15.7200   15.6462   15.5728

  Columns 344 through 350

   15.4998   15.4272   15.3550   15.2832   15.2118   15.1408   15.0702

  Columns 351 through 357

   15.0000   14.9302   14.8608   14.7918   14.7232   14.6550   14.5872

  Columns 358 through 364

   14.5198   14.4528   14.3862   14.3200   14.2542   14.1888   14.1238

  Columns 365 through 371

   14.0592   13.9950   13.9312   13.8678   13.8048   13.7422   13.6800

  Columns 372 through 378

   13.6182   13.5568   13.4958   13.4352   13.3750   13.3152   13.2558

  Columns 379 through 385

   13.1968   13.1382   13.0800   13.0222   12.9648   12.9078   12.8512

  Columns 386 through 392

   12.7950   12.7392   12.6838   12.6288   12.5742   12.5200   12.4662

  Columns 393 through 399

   12.4128   12.3598   12.3072   12.2550   12.2032   12.1518   12.1008

  Columns 400 through 406

   12.0502   12.0000   11.9502   11.9008   11.8518   11.8032   11.7550

  Columns 407 through 413

   11.7072   11.6598   11.6128   11.5662   11.5200   11.4742   11.4288

  Columns 414 through 420

   11.3838   11.3392   11.2950   11.2512   11.2078   11.1648   11.1222

  Columns 421 through 427

   11.0800   11.0382   10.9968   10.9558   10.9152   10.8750   10.8352

  Columns 428 through 434

   10.7958   10.7568   10.7182   10.6800   10.6422   10.6048   10.5678

  Columns 435 through 441

   10.5312   10.4950   10.4592   10.4238   10.3888   10.3542   10.3200

  Columns 442 through 448

   10.2862   10.2528   10.2198   10.1872   10.1550   10.1232   10.0918

  Columns 449 through 455

   10.0608   10.0302   10.0000    9.9702    9.9408    9.9118    9.8832

  Columns 456 through 462

    9.8550    9.8272    9.7998    9.7728    9.7462    9.7200    9.6942

  Columns 463 through 469

    9.6688    9.6438    9.6192    9.5950    9.5712    9.5478    9.5248

  Columns 470 through 476

    9.5022    9.4800    9.4582    9.4368    9.4158    9.3952    9.3750

  Columns 477 through 483

    9.3552    9.3358    9.3168    9.2982    9.2800    9.2622    9.2448

  Columns 484 through 490

    9.2278    9.2112    9.1950    9.1792    9.1638    9.1488    9.1342

  Columns 491 through 497

    9.1200    9.1062    9.0928    9.0798    9.0672    9.0550    9.0432

  Columns 498 through 504

    9.0318    9.0208    9.0102    9.0000    8.9902    8.9808    8.9718

  Columns 505 through 511

    8.9632    8.9550    8.9472    8.9398    8.9328    8.9262    8.9200

  Columns 512 through 518

    8.9142    8.9088    8.9038    8.8992    8.8950    8.8912    8.8878

  Columns 519 through 525

    8.8848    8.8822    8.8800    8.8782    8.8768    8.8758    8.8752

  Columns 526 through 532

    8.8750    8.8752    8.8758    8.8768    8.8782    8.8800    8.8822

  Columns 533 through 539

    8.8848    8.8878    8.8912    8.8950    8.8992    8.9038    8.9088

  Columns 540 through 546

    8.9142    8.9200    8.9262    8.9328    8.9398    8.9472    8.9550

  Columns 547 through 553

    8.9632    8.9718    8.9808    8.9902    9.0000    9.0102    9.0208

  Columns 554 through 560

